seine??? lippen??? https://t.co/h3WA5sdUhq,0.0
"Ich verkrieche mich dann mal weiter unter meinen Felsen, um nicht von den Smash-leaks gespoilert zu werden! https://t.co/9TI8nksQEb",0.0
@ralphruthe Ganz schön was los bei Dir! https://t.co/dp1pniKQDF,0.0
"Am Swiss Innovation Forum mit #Atizo und unseren Innovationsvorhaben #Tilbago, digitale Betreibungsplattform und #Shrog, digitales Guthaben . #SIF18 https://t.co/9dlQpQ9zMN",0.0
"#FFD365 Meacham: Chief Justice Roberts Hat' Moralischen Verpflichtung' zu Sprechen, die Sich Gegen Trump - https://t.co/sIBNnDj6gl https://t.co/jJKLJjBnKr",0.0
